Task_Type	Trial_Number	Target_Location	Pre_Stimulus_Time	Post_Stimulus_Time	Afterimage_Start	Afterimage_Duration
Afterimage_Contrast	1	[12.  0.]	7	10	0.47612620200015954	7.431957398000122
Afterimage_Contrast	2	[-12.   0.]	7	12	0.35771622599986586	9.46521233400017
Afterimage_Contrast	3	[12.  0.]	7	12	0.3085662080002294	7.449049265999747
Afterimage_Contrast	4	[-12.   0.]	7	12	0.5096386079994772	8.80078180000055
Afterimage_Contrast	5	[12.  0.]	7	10	0.30752299499999936	9.465138143999866
Afterimage_Contrast	6	[12.  0.]	7	10	0.3085871510002107	9.667612235999513
Afterimage_Contrast	7	[12.  0.]	8	12	0.9564804970004843	6.6167873829999735
Afterimage_Contrast	8	[-12.   0.]	7	12	0.44265032700059237	11.051002678999794
Afterimage_Contrast	9	[12.  0.]	7	12	0.4577593340000021	7.934350536999773
Afterimage_Contrast	10	[12.  0.]	6	11	0.5266996199998175	9.648071851000168
Afterimage_Contrast	11	[12.  0.]	8	11	0.4431007149996731	10.483605445000649
Afterimage_Contrast	12	[12.  0.]	6	12	0.5250389889997678	10.132385916000203
Afterimage_Contrast	13	[-12.   0.]	8	12	4.039818107999963	5.349844893000409
Afterimage_Contrast	14	[-12.   0.]	6	11	0.5582386149999365	10.367662382000162
Afterimage_Contrast	15	[12.  0.]	8	10	0.3416550780002581	6.531678356000157
Afterimage_Contrast	16	[12.  0.]	7	11	3.709762330000558	4.3497761179996814
Afterimage_Contrast	17	[-12.   0.]	6	12	0.4087864580005771	6.366317872999389
Afterimage_Contrast	18	[-12.   0.]	7	10	0.2414870909997262	5.968248858000152
Afterimage_Contrast	19	[12.  0.]	7	11	1.2262663179999436	4.5161310909998065
Afterimage_Contrast	20	[-12.   0.]	7	10	0.4235045040004479	7.202553147999424
Afterimage_Contrast	21	[12.  0.]	6	10	0.422335713999928	8.384182795000015
Afterimage_Contrast	22	[12.  0.]	7	11	0.07573514100022294	7.215351484000166
Afterimage_Contrast	23	[-12.   0.]	7	10	0.42663509100020747	4.79904627399992
Afterimage_Contrast	24	[-12.   0.]	8	10	0.126921764999679	4.865826584000388
Afterimage_Contrast	25	[12.  0.]	7	11	0.7221839730000283	8.26581144299962
Afterimage_Contrast	26	[-12.   0.]	7	11	0.590872544999911	9.748896301999594
Afterimage_Contrast	27	[-12.   0.]	7	10	0.5290924249993623	5.682474527000522
Afterimage_Contrast	28	[12.  0.]	7	11	0.4080849609999859	8.385282816999279
Afterimage_Contrast	29	[12.  0.]	6	11	0.30950377699991805	10.098577705000025
Afterimage_Contrast	30	[-12.   0.]	8	12	0.08938022200072737	8.333300464999411
Afterimage_Contrast	31	[12.  0.]	7	12	0.5074284640004407	9.815879852999387
Afterimage_Contrast	32	[12.  0.]	8	12	0.42414966100022866	7.850664960999893
Afterimage_Contrast	33	[12.  0.]	8	10	0.9740883029999168	6.014947905000554
Afterimage_Contrast	34	[-12.   0.]	6	10	0.4223351559994626	6.152403407000747
Afterimage_Contrast	35	[-12.   0.]	7	10	0.5077855609997641	8.184620359999826
Afterimage_Contrast	36	[-12.   0.]	7	10	0.3258237879999797	9.649268380999274
Afterimage_Contrast	37	[12.  0.]	8	12	0.14182392099974095	7.882045862999803
Afterimage_Contrast	38	[12.  0.]	8	10	0.4079179529999237	9.467845658999977
Afterimage_Contrast	39	[12.  0.]	6	10	0.44252665900057764	5.349588240999765
Afterimage_Contrast	40	[-12.   0.]	8	12	0.40791242300019803	9.265341681999416
Afterimage_Contrast	41	[-12.   0.]	8	11	0.19200884200017754	8.248501650000435
Afterimage_Contrast	42	[-12.   0.]	6	10	0.7247625970003355	5.049344951999956
Afterimage_Contrast	43	[12.  0.]	7	12	0.6243910719995256	11.265264925000338
Afterimage_Contrast	44	[-12.   0.]	6	12	0.259174386000268	8.915564301999439
Afterimage_Contrast	45	[-12.   0.]	7	10	0.27430346600067423	5.665997588999744
Afterimage_Contrast	46	[-12.   0.]	7	10	0.1595682819997819	9.815362860000278
Afterimage_Contrast	47	[-12.   0.]	6	12	0.8736011940000026	6.616244374000416
Afterimage_Contrast	48	[12.  0.]	7	10	0.4096164749998934	8.915809869999975
Afterimage_Contrast	49	[-12.   0.]	6	12	1.5765525220003838	6.546457492999252
Afterimage_Contrast	50	[-12.   0.]	6	10	0.4656419160000951	5.681732295999609
Afterimage_Contrast	51	[12.  0.]	7	10	1.4759337120003693	4.749150888000258
Afterimage_Contrast	52	[-12.   0.]	6	12	0.47758638499999506	7.248429339999348
Afterimage_Contrast	53	[12.  0.]	8	10	0.642458108000028	2.8828041830001894
Afterimage_Contrast	54	[12.  0.]	6	10	0.20840417299950786	7.082468520000475
Afterimage_Contrast	55	[12.  0.]	8	12	0.19252425600006973	5.149327600000106
Afterimage_Contrast	56	[-12.   0.]	8	10	0.20798194999952102	6.049634113000138
Afterimage_Contrast	57	[-12.   0.]	6	12	0.640736695000669	5.748423680999622
Afterimage_Contrast	58	[12.  0.]	8	10	0.5595156409999618	8.998844360000476
Afterimage_Contrast	59	[-12.   0.]	7	11	0.40844393400038825	6.098971335999522
Afterimage_Contrast	60	[-12.   0.]	7	12	0.258886665999853	9.482112577999942
Task_Type	Trial_Number	Trial_Condition	Afterimage_Present	Target_Location	Pre_Stimulus_Time	Post_Stimulus_Time	Question_Response
Afterimage_Matching	1	1	0	[-12, 0]	8	10	1
Afterimage_Matching	2	1	1	[12, 0]	6	12	4
Afterimage_Matching	3	4	0	[12, 0]	6	11	4
Afterimage_Matching	4	1	1	[-12, 0]	7	10	4
Afterimage_Matching	5	1	0	[-12, 0]	8	10	1
Afterimage_Matching	6	1	0	[12, 0]	6	12	2
Afterimage_Matching	7	1	0	[-12, 0]	7	10	4
Afterimage_Matching	8	1	0	[-12, 0]	8	11	1
Afterimage_Matching	9	1	1	[12, 0]	8	11	4
Afterimage_Matching	10	1	1	[12, 0]	7	10	4
Afterimage_Matching	11	4	0	[12, 0]	8	11	4
Afterimage_Matching	12	1	0	[-12, 0]	6	12	4
Afterimage_Matching	13	4	0	[-12, 0]	6	11	4
Afterimage_Matching	14	1	0	[12, 0]	7	12	4
Afterimage_Matching	15	4	0	[-12, 0]	7	10	4
Afterimage_Matching	16	1	1	[12, 0]	6	12	1
Afterimage_Matching	17	1	0	[-12, 0]	6	12	4
Afterimage_Matching	18	1	0	[12, 0]	7	10	4
Afterimage_Matching	19	4	0	[-12, 0]	7	10	4
Afterimage_Matching	20	1	0	[12, 0]	7	10	4
Afterimage_Matching	21	1	1	[12, 0]	8	10	1
Afterimage_Matching	22	1	1	[12, 0]	6	12	1
Afterimage_Matching	23	1	1	[-12, 0]	6	12	2
